Launching parameter server
New model replica connected
New model replica connected
New model replica connected
New model replica connected
New model replica connected
New model replica connected
New model replica connected
New model replica connected
0.0912,0.2512
0.0779,0.3617
0.0700,0.4486
0.0640,0.4994
0.0585,0.5501
0.0540,0.5924
0.0499,0.6312
0.0469,0.6561
0.0443,0.6801
0.0425,0.6944
0.0405,0.7088
0.0389,0.7205
0.0375,0.7341
0.0363,0.7448
0.0354,0.7516
0.0345,0.7608
0.0335,0.7679
0.0326,0.7753
0.0319,0.7792
0.0312,0.7834
0.0306,0.7880
0.0299,0.7935
0.0294,0.7991
0.0289,0.8016
0.0285,0.8050
0.0279,0.8070
0.0277,0.8091
0.0271,0.8121
0.0268,0.8181
0.0265,0.8216
0.0262,0.8199
0.0257,0.8239
0.0254,0.8275
0.0252,0.8284
0.0250,0.8310
0.0247,0.8324
0.0243,0.8366
0.0243,0.8354
0.0239,0.8374
0.0237,0.8396
0.0235,0.8401
0.0233,0.8417
0.0231,0.8430
0.0229,0.8445
0.0227,0.8454
0.0225,0.8456
0.0223,0.8483
0.0222,0.8488
0.0221,0.8496
0.0219,0.8509
0.0218,0.8515
0.0216,0.8527
0.0216,0.8522
0.0213,0.8556
0.0213,0.8554
0.0212,0.8549
0.0211,0.8573
0.0209,0.8586
0.0208,0.8596
0.0207,0.8597
0.0206,0.8610
0.0204,0.8622
0.0204,0.8606
0.0202,0.8636
0.0202,0.8643
0.0201,0.8629
0.0200,0.8664
0.0200,0.8648
0.0198,0.8670
0.0198,0.8670
0.0196,0.8677
0.0196,0.8677
0.0195,0.8686
0.0194,0.8696
0.0193,0.8676
0.0192,0.8705
0.0192,0.8720
0.0192,0.8708
0.0191,0.8716
0.0190,0.8716
0.0190,0.8718
0.0188,0.8737
0.0188,0.8742
0.0187,0.8743
0.0186,0.8756
0.0185,0.8766
0.0185,0.8746
0.0185,0.8752
0.0183,0.8764
0.0183,0.8763
0.0182,0.8780
0.0182,0.8774
0.0182,0.8789
0.0181,0.8769
0.0180,0.8784
0.0180,0.8797
0.0179,0.8793
0.0180,0.8806
0.0179,0.8779
0.0178,0.8798
0.0177,0.8799
0.0177,0.8800
0.0177,0.8797
0.0176,0.8813
0.0176,0.8811
0.0176,0.8816
0.0175,0.8834
0.0174,0.8828
0.0174,0.8831
0.0174,0.8823
0.0174,0.8813
0.0173,0.8822
0.0172,0.8844
0.0172,0.8857
0.0172,0.8847
0.0171,0.8850
0.0172,0.8850
0.0171,0.8851
0.0170,0.8852
0.0170,0.8863
0.0169,0.8866
0.0169,0.8864
0.0169,0.8870
0.0168,0.8872
0.0168,0.8867
0.0168,0.8861
0.0166,0.8877
0.0167,0.8882
0.0167,0.8894
0.0167,0.8876
0.0166,0.8876
0.0166,0.8879
0.0165,0.8891
0.0165,0.8886
0.0165,0.8889
0.0165,0.8889
0.0165,0.8899
0.0164,0.8895
0.0164,0.8906
0.0163,0.8910
0.0162,0.8912
0.0162,0.8908
0.0163,0.8905
0.0162,0.8908
0.0162,0.8910
0.0162,0.8911
0.0162,0.8909
0.0161,0.8904
0.0161,0.8921
0.0161,0.8922
0.0160,0.8911
0.0160,0.8923
0.0160,0.8933
0.0159,0.8931
0.0159,0.8923
0.0160,0.8927
0.0159,0.8923
0.0158,0.8938
0.0159,0.8925
0.0159,0.8928
0.0158,0.8931
0.0158,0.8940
0.0157,0.8925
0.0158,0.8928
0.0157,0.8935
0.0157,0.8932
0.0157,0.8934
0.0156,0.8933
0.0157,0.8934
0.0156,0.8937
0.0156,0.8941
0.0156,0.8946
0.0156,0.8939
0.0155,0.8935
0.0155,0.8946
0.0156,0.8939
0.0155,0.8935
0.0155,0.8949
0.0155,0.8955
0.0154,0.8950
0.0154,0.8949
0.0154,0.8957
0.0153,0.8952
0.0154,0.8951
0.0153,0.8959
0.0153,0.8965
0.0154,0.8952
0.0152,0.8963
0.0153,0.8942
0.0153,0.8954
0.0152,0.8959
0.0153,0.8969
0.0153,0.8947
0.0151,0.8975
0.0152,0.8966
0.0152,0.8962
0.0151,0.8975
0.0151,0.8966
0.0151,0.8975
0.0150,0.8978
0.0150,0.8972
0.0151,0.8966
0.0150,0.8970
0.0150,0.8972
0.0150,0.8971
0.0151,0.8965
0.0151,0.8976
0.0150,0.8975
0.0150,0.8978
0.0150,0.8976
0.0149,0.8978
0.0149,0.8971
0.0149,0.8985
0.0149,0.8974
0.0148,0.8992
0.0148,0.8992
0.0148,0.8989
0.0149,0.8990
0.0149,0.8975
0.0148,0.8995
0.0149,0.8992
0.0148,0.8995
0.0148,0.8985
0.0147,0.8998
0.0148,0.8988
0.0147,0.8998
0.0147,0.9000
0.0147,0.9004
0.0147,0.9000
0.0147,0.8993
0.0147,0.9000
0.0147,0.9007
0.0146,0.9013
0.0147,0.9002
0.0146,0.9014
0.0146,0.9008
0.0146,0.9012
0.0146,0.9011
0.0145,0.9027
0.0145,0.9016
0.0145,0.9028
0.0145,0.9024
0.0145,0.9016
0.0145,0.9025
0.0145,0.9026
0.0145,0.9025
0.0145,0.9033
0.0144,0.9032
0.0144,0.9036
0.0145,0.9017
0.0144,0.9039
0.0145,0.9027
0.0144,0.9026
0.0144,0.9035
0.0144,0.9036
0.0144,0.9034
0.0143,0.9047
0.0143,0.9031
0.0143,0.9036
0.0143,0.9030
0.0143,0.9044
0.0143,0.9042
0.0143,0.9040
0.0144,0.9036
0.0142,0.9057
0.0142,0.9048
0.0142,0.9057
0.0142,0.9044
0.0142,0.9046
0.0142,0.9057
0.0142,0.9051
0.0142,0.9058
0.0142,0.9050
0.0142,0.9054
0.0141,0.9064
0.0142,0.9051
0.0143,0.9051
0.0145,0.9045
0.0142,0.9050
0.0141,0.9063
0.0141,0.9061
0.0142,0.9056
0.0142,0.9039
0.0141,0.9054
0.0140,0.9063
0.0141,0.9057
0.0141,0.9060
0.0141,0.9062
0.0140,0.9063
0.0141,0.9067
0.0141,0.9066
0.0141,0.9057
0.0141,0.9076
0.0140,0.9069
0.0140,0.9076
0.0140,0.9060
0.0140,0.9075
0.0139,0.9075
0.0140,0.9068
0.0139,0.9083
0.0139,0.9076
0.0140,0.9071
0.0140,0.9081
0.0139,0.9079
0.0140,0.9066
0.0140,0.9068
0.0139,0.9084
0.0139,0.9068
0.0139,0.9068
0.0140,0.9072
0.0139,0.9076
0.0139,0.9082
0.0139,0.9064
0.0139,0.9091
0.0138,0.9086
0.0139,0.9088
0.0139,0.9071
0.0138,0.9079
0.0138,0.9076
0.0139,0.9077
0.0138,0.9084
0.0139,0.9086
0.0139,0.9081
0.0138,0.9085
0.0138,0.9075
0.0138,0.9084
0.0137,0.9089
0.0138,0.9081
0.0138,0.9066
0.0137,0.9085
0.0137,0.9089
0.0138,0.9089
0.0138,0.9077
0.0137,0.9091
0.0137,0.9078
0.0137,0.9086
0.0137,0.9075
0.0137,0.9099
0.0137,0.9084
0.0137,0.9087
0.0137,0.9080
0.0137,0.9084
0.0137,0.9086
0.0137,0.9093
0.0136,0.9087
0.0137,0.9087
0.0137,0.9084
0.0137,0.9089
0.0136,0.9097
0.0136,0.9093
0.0136,0.9090
0.0136,0.9098
0.0136,0.9088
0.0136,0.9101
0.0137,0.9091
0.0136,0.9089
0.0137,0.9081
0.0136,0.9095
0.0135,0.9102
0.0135,0.9099
0.0135,0.9093
0.0135,0.9101
0.0135,0.9098
0.0136,0.9085
0.0135,0.9094
0.0135,0.9104
0.0135,0.9107
0.0135,0.9112
0.0136,0.9098
0.0136,0.9091
0.0135,0.9101
0.0135,0.9105
0.0135,0.9107
0.0135,0.9103
0.0135,0.9099
0.0135,0.9106
0.0135,0.9105
0.0135,0.9101
0.0135,0.9114
0.0135,0.9105
0.0134,0.9110
0.0135,0.9102
0.0135,0.9108
0.0135,0.9103
0.0135,0.9108
0.0134,0.9103
0.0135,0.9108
0.0134,0.9110
0.0134,0.9121
0.0134,0.9110
0.0134,0.9120
0.0134,0.9106
0.0134,0.9109
0.0134,0.9111
0.0134,0.9110
0.0134,0.9117
0.0134,0.9119
0.0134,0.9110
0.0134,0.9112
0.0133,0.9115
0.0133,0.9111
0.0134,0.9108
0.0133,0.9108
0.0134,0.9114
0.0133,0.9114
0.0134,0.9102
0.0134,0.9118
0.0133,0.9109
0.0133,0.9117
0.0134,0.9113
0.0133,0.9115
0.0132,0.9132
0.0133,0.9120
0.0133,0.9126
0.0133,0.9117
0.0133,0.9111
0.0132,0.9126
0.0133,0.9120
0.0133,0.9122
0.0132,0.9127
0.0133,0.9122
0.0132,0.9116
0.0133,0.9114
0.0132,0.9131
0.0133,0.9112
0.0133,0.9124
0.0133,0.9119
0.0132,0.9125
0.0132,0.9119
0.0132,0.9129
0.0132,0.9120
0.0132,0.9130
0.0132,0.9124
0.0132,0.9131
0.0132,0.9128
0.0132,0.9123
0.0132,0.9128
0.0132,0.9133
0.0132,0.9131
0.0132,0.9127
0.0132,0.9138
0.0132,0.9134
0.0132,0.9121
0.0131,0.9132
0.0131,0.9130
0.0131,0.9138
0.0132,0.9129
0.0131,0.9150
0.0132,0.9134
0.0132,0.9144
0.0132,0.9129
0.0131,0.9139
0.0132,0.9138
0.0131,0.9134
0.0131,0.9129
0.0131,0.9142
0.0131,0.9128
0.0131,0.9124
0.0132,0.9128
0.0131,0.9138
0.0131,0.9139
0.0131,0.9128
0.0131,0.9141
0.0131,0.9129
0.0131,0.9139
0.0131,0.9135
0.0131,0.9140
0.0131,0.9140
0.0130,0.9144
0.0131,0.9127
0.0131,0.9137
0.0131,0.9136
0.0130,0.9137
0.0130,0.9140
0.0131,0.9133
0.0131,0.9131
0.0131,0.9137
0.0130,0.9135
0.0131,0.9139
0.0131,0.9136
0.0131,0.9149
0.0131,0.9133
0.0131,0.9125
0.0130,0.9141
0.0131,0.9138
0.0130,0.9135
0.0130,0.9146
0.0131,0.9148
0.0130,0.9145
0.0130,0.9144
0.0130,0.9140
0.0130,0.9137
0.0130,0.9146
0.0130,0.9150
0.0130,0.9133
0.0131,0.9139
0.0130,0.9135
0.0130,0.9147
0.0130,0.9141
0.0130,0.9137
0.0131,0.9136
0.0130,0.9147
0.0131,0.9143
0.0130,0.9153
0.0131,0.9133
0.0130,0.9150
0.0130,0.9142
0.0130,0.9140
0.0130,0.9140
0.0130,0.9151
0.0130,0.9142
0.0130,0.9145
0.0130,0.9145
0.0130,0.9138
0.0130,0.9136
0.0130,0.9144
0.0130,0.9147
0.0129,0.9145
0.0130,0.9149
0.0129,0.9152
0.0130,0.9140
0.0129,0.9146
0.0129,0.9151
0.0129,0.9157
0.0129,0.9153
0.0130,0.9140
0.0129,0.9152
0.0130,0.9152
0.0130,0.9141
0.0129,0.9146
0.0130,0.9153
0.0130,0.9147
0.0129,0.9152
0.0130,0.9142
0.0129,0.9147
0.0130,0.9137
0.0130,0.9144
0.0130,0.9139
0.0129,0.9143
0.0129,0.9159
0.0130,0.9149
0.0130,0.9145
0.0130,0.9150
0.0129,0.9158
0.0130,0.9143
0.0129,0.9149
0.0129,0.9144
0.0130,0.9142
0.0130,0.9153
0.0130,0.9149
0.0129,0.9142
0.0129,0.9157
0.0129,0.9156
0.0130,0.9140
0.0129,0.9153
0.0129,0.9155
0.0129,0.9148
0.0130,0.9154
0.0129,0.9161
0.0129,0.9151
0.0129,0.9143
0.0129,0.9157
0.0129,0.9152
0.0129,0.9146
0.0129,0.9157
0.0128,0.9163
0.0129,0.9150
0.0129,0.9148
0.0129,0.9150
0.0129,0.9142
0.0129,0.9161
0.0129,0.9153
0.0129,0.9149
0.0129,0.9152
0.0129,0.9151
0.0129,0.9154
0.0129,0.9155
0.0128,0.9151
0.0129,0.9158
0.0129,0.9154
0.0129,0.9154
0.0129,0.9153
0.0129,0.9152
0.0128,0.9156
0.0129,0.9154
0.0128,0.9159
0.0129,0.9158
0.0129,0.9152
0.0129,0.9155
0.0128,0.9154
0.0129,0.9149
0.0129,0.9152
