0.09356772315184451 0.2495
0.07888492455608709 0.3509
0.0706541606151472 0.4354
0.06432882479694715 0.5015
0.05887042428087677 0.5489
0.05387994696826522 0.5881
0.049651460254950916 0.6298
0.04607898266057462 0.6606
0.04332728865840182 0.6855
0.041174283593044106 0.7034
0.03926349783645809 0.7165
0.037700322581410324 0.733
0.036527883896735 0.741
0.03529124490340692 0.752
0.034091082007685444 0.7619
0.03324208855373682 0.7669
0.032406780119922075 0.7745
0.03161912140565956 0.7801
0.030924999437505374 0.7855
0.030368928907504915 0.7885
0.029606602922556364 0.7952
0.029152191772008604 0.799
0.02849765371875782 0.8026
0.028189819496328726 0.8044
0.02761791018461272 0.8096
0.027261246477648687 0.812
0.026816773209034056 0.8179
0.026370393443063005 0.8185
0.02605261371954952 0.8229
0.025674369333920855 0.8242
0.025285946645159492 0.8282
0.02505782428978147 0.8293
0.02475498927017575 0.8319
0.02444024804882497 0.8335
0.024297720166730583 0.8348
0.02396737665333175 0.836
0.023731669175018545 0.838
0.023545298696831564 0.8412
0.02327650473241679 0.8414
0.02307498812946731 0.843
0.022844670005891354 0.8437
0.022699923341323175 0.8468
0.022547028380858855 0.847
0.022350677518793386 0.8497
0.022161694031840082 0.8503
0.021953822686825903 0.8513
0.021816394979089427 0.8537
0.02164450346170312 0.8542
0.021509639989820136 0.8549
0.021330366364510318 0.8558
0.021200289239201933 0.8572
0.021102082636611612 0.8584
0.02106835928841987 0.8575
0.02087050511059471 0.8597
0.02072563556710694 0.8622
0.020676029602312095 0.8596
0.02061219601119444 0.8614
0.020400088082515692 0.8645
0.020274221497302083 0.8637
0.02018124431638103 0.8642
0.02010615133736659 0.8656
0.01994128236202136 0.8662
0.019834696685565346 0.868
0.01972568206063846 0.8681
0.019660657689698855 0.8692
0.019591245732173745 0.8671
0.019554557204766093 0.8686
0.019500043233799415 0.8693
0.019402167249128455 0.8701
0.019341080886819514 0.8695
0.019268154291301454 0.8698
0.01913464854455836 0.8712
0.019083915101183232 0.8725
0.019018509323078123 0.8717
0.018931979652039833 0.8739
0.01889905050796266 0.8734
0.018725330468985484 0.875
0.018669873869519536 0.8747
0.018612550656524753 0.8752
0.01860785653039565 0.8756
0.018428440382750107 0.8766
0.01841531935690434 0.8764
0.01842167507124841 0.877
0.018374080018947053 0.8766
0.018235857164649386 0.8767
0.018259631783360333 0.8772
0.01812806630744166 0.878
0.018087011834930337 0.8777
0.018019914803393704 0.8793
0.017991131655404998 0.8795
0.018027083464379288 0.8799
0.01787873109397018 0.8804
0.01784127037089939 0.8803
0.01781653019333216 0.8803
0.017776995791229065 0.8809
0.017699849679243596 0.8813
0.017674212775412614 0.8822
0.017601280895512533 0.8829
0.01763399592071872 0.8816
0.017507281364875508 0.8829
0.017483191736013648 0.8823
0.017466801835421646 0.8831
0.017383750139861338 0.8836
0.01733411250371469 0.8835
